bin	chromosome	arm	start	end	short	long	frag	ratio	ratio.center
1	chr1	1p	700000	5999999	9198	62355	71553	0.147510223719028	-4.92046148255765e-05
2	chr1	1p	6000000	10999999	9427	59700	69127	0.157906197654941	0.0103467693210877
3	chr1	1p	11000000	16699999	9069	61767	70836	0.146825975035213	-0.000733453298640746
4	chr1	1p	16700000	21799999	9939	67299	77238	0.147684215218651	0.00012478688479739
5	chr1	1p	21800000	26799999	9207	58608	67815	0.157094594594595	0.00953516626074088
6	chr1	1p	26800000	32099999	9180	58387	67567	0.157226779933889	0.00966735160003568
7	chr1	1p	32100000	37099999	9100	58236	67336	0.156260732193145	0.00870130385929141
8	chr1	1p	37100000	42099999	9152	59870	69022	0.152864539836312	0.0053051115024583
9	chr1	1p	42100000	47099999	9144	57435	66579	0.159206059023244	0.01164663068939
10	chr1	1p	47100000	52099999	8500	58735	67235	0.144717800289436	-0.00284162804441812
11	chr1	1p	52100000	57099999	8881	58734	67615	0.151207137262914	0.00364770892906044
12	chr1	1p	57100000	62099999	8269	58470	66739	0.141422951941166	-0.0061364763926873
13	chr1	1p	62100000	67099999	8264	56561	64825	0.146107742083768	-0.00145168625008574
14	chr1	1p	67100000	72099999	7753	54342	62095	0.142670494276986	-0.00488893405686722
15	chr1	1p	72100000	77099999	7496	51863	59359	0.144534639338257	-0.00302478899559716
16	chr1	1p	77100000	82099999	7524	51622	59146	0.145751811243268	-0.00180761709058533
17	chr1	1p	82100000	87299999	7854	54465	62319	0.144202698980997	-0.00335672935285675
18	chr1	1p	87300000	92299999	8096	55300	63396	0.146401446654611	-0.0011579816792425
19	chr1	1p	92300000	97299999	8084	55219	63303	0.146398884441949	-0.0011605438919044
20	chr1	1p	97300000	102299999	7563	52776	60339	0.143303774442929	-0.00425565389092511
21	chr1	1p	102300000	107599999	6963	47736	54699	0.145864756158874	-0.0016946721749799
22	chr1	1p	107600000	112699999	8380	55171	63551	0.151891392216926	0.00433196388307183
23	chr1	1p	112700000	117699999	8411	57036	65447	0.147468265656778	-9.11626770755403e-05
24	chr1	1q	243900000	249199999	8238	53887	62125	0.152875461614118	0.00531603328026473
25	chr1	1q	238900000	243899999	7669	53939	61608	0.142179128274532	-0.00538030005932139
26	chr1	1q	233700000	238899999	8405	56267	64672	0.149377077150017	0.00181764881616317
27	chr1	1q	228700000	233699999	8719	59170	67889	0.147355078587122	-0.000204349746731863
28	chr1	1q	223500000	228699999	8678	57944	66622	0.149765290625431	0.00220586229157774
29	chr1	1q	218500000	223499999	8044	56065	64109	0.143476322126104	-0.0040831062077501
30	chr1	1q	213500000	218499999	7595	54254	61849	0.139989678180411	-0.00756975015344305
31	chr1	1q	208500000	213499999	8581	57590	66171	0.149001562771314	0.00144213443746075
32	chr1	1q	203100000	208499999	8057	52063	60120	0.154754816280276	0.0071953879464221
33	chr1	1q	198100000	203099999	8017	53100	61117	0.150979284369115	0.00341985603526115
34	chr1	1q	193100000	198099999	7006	49520	56526	0.141478190630048	-0.00608123770380525
35	chr1	1q	188100000	193099999	7084	48268	55352	0.146763901549681	-0.000795526784172773
36	chr1	1q	183100000	188099999	7803	53319	61122	0.146345580374726	-0.00121384795912802
37	chr1	1q	178100000	183099999	8380	56294	64674	0.148861335133407	0.00130190679955305
38	chr1	1q	173100000	178099999	8273	55913	64186	0.14796201241214	0.000402584078286583
39	chr1	1q	168100000	173099999	8049	54336	62385	0.148133833922261	0.000574405588407767
40	chr1	1q	163100000	168099999	8260	57308	65568	0.144133454317024	-0.00342597401682992
41	chr1	1q	158100000	163099999	8344	54215	62559	0.15390574564235	0.00634631730849619
42	chr1	1q	153100000	158099999	8591	53837	62428	0.159574270483125	0.0120148421492713
43	chr1	1q	145400000	153099999	4954	31787	36741	0.155849875735364	0.0082904474015098
44	chr2	2p	100000	5399999	8475	59074	67549	0.143464129735586	-0.00409529859826785
45	chr2	2p	5400000	10399999	8373	57258	65631	0.146232840825736	-0.00132658750811757
46	chr2	2p	10400000	15399999	8023	56181	64204	0.142806286822947	-0.00475314151090644
47	chr2	2p	15400000	20599999	8404	58983	67387	0.142481732024482	-0.00507769630937208
48	chr2	2p	20600000	25699999	8527	57243	65770	0.148961445067519	0.00140201673366547
49	chr2	2p	25700000	30699999	8833	58777	67610	0.15027987137826	0.0027204430444065
50	chr2	2p	30700000	35699999	8013	54371	62384	0.147376358720642	-0.000183069613212183
51	chr2	2p	35700000	40699999	7792	53790	61582	0.144859639338167	-0.00269978899568676
52	chr2	2p	40700000	45699999	8271	56300	64571	0.146909413854352	-0.000650014479502026
53	chr2	2p	45700000	50699999	8384	56391	64775	0.148676207196184	0.00111677886233008
54	chr2	2p	50700000	55699999	7609	52005	59614	0.146312854533218	-0.00124657380063575
55	chr2	2p	55700000	60699999	7600	54825	62425	0.138622891016872	-0.00893653731698185
56	chr2	2p	60700000	65699999	8415	53637	62052	0.15688796912579	0.00932854079193632
57	chr2	2p	65700000	70699999	8115	55987	64102	0.144944362084055	-0.00261506624979849
58	chr2	2p	70700000	75699999	7718	51250	58968	0.15059512195122	0.0030356936173658
59	chr2	2p	75700000	80699999	7413	51512	58925	0.143908215561423	-0.00365121277243113
60	chr2	2p	80700000	85699999	7594	52642	60236	0.144257437027469	-0.00330199130638514
61	chr2	2q	237800000	243099999	9327	63351	72678	0.147227352370128	-0.000332075963725392
62	chr2	2q	232700000	237799999	8905	62196	71101	0.143176410058525	-0.00438301827532905
63	chr2	2q	227700000	232699999	8085	54956	63041	0.147117694155324	-0.000441734178529468
64	chr2	2q	222700000	227699999	8075	55185	63260	0.146325994382531	-0.00123343395132222
65	chr2	2q	217700000	222699999	8542	58818	67360	0.145227651399232	-0.00233177693462219
66	chr2	2q	212700000	217699999	7740	53611	61351	0.14437335621421	-0.00318607211964395
67	chr2	2q	207700000	212699999	7603	52717	60320	0.144222926190792	-0.00333650214306136
68	chr2	2q	202700000	207699999	8250	56614	64864	0.145723672589819	-0.00183575574403494
69	chr2	2q	197700000	202699999	8030	53171	61201	0.151022173741325	0.00346274540747143
70	chr2	2q	192700000	197699999	7163	50553	57716	0.141692876782782	-0.0058665515510713
71	chr2	2q	187700000	192699999	7533	52189	59722	0.144340761463144	-0.00321866687071015
72	chr2	2q	182700000	187699999	7283	50377	57660	0.144569942632551	-0.00298948570130314
73	chr2	2q	177700000	182699999	7696	53451	61147	0.143982338964659	-0.00357708936919449
74	chr2	2q	172700000	177699999	8077	55789	63866	0.14477764433849	-0.00278178399536405
75	chr2	2q	167700000	172699999	7889	53593	61482	0.147202059970519	-0.000357368363335164
76	chr2	2q	162700000	167699999	7247	51801	59048	0.13990077411633	-0.0076586542175239
77	chr2	2q	157700000	162699999	7833	53787	61620	0.145629984940599	-0.00192944339325468
78	chr2	2q	152700000	157699999	7190	51454	58644	0.139736463637424	-0.00782296469642998
79	chr2	2q	147500000	152699999	7652	53870	61522	0.142045665490997	-0.00551376284285687
80	chr2	2q	142500000	147499999	7659	51623	59282	0.148364101272689	0.000804672938834822
81	chr2	2q	137500000	142499999	7441	52054	59495	0.14294770814923	-0.00461172018462408
82	chr2	2q	132500000	137499999	8105	56591	64696	0.143220653460798	-0.00433877487305606
83	chr2	2q	127200000	132499999	8351	58627	66978	0.142442901734696	-0.00511652659915809
84	chr2	2q	122200000	127199999	7755	53564	61319	0.144780076170562	-0.00277935216329139
85	chr2	2q	117200000	122199999	8176	58708	66884	0.139265517476323	-0.00829391085753023
86	chr2	2q	111800000	117199999	8250	53599	61849	0.153920782104144	0.00636135377029001
87	chr2	2q	105800000	111799999	8860	58951	67811	0.150294312225408	0.00273488389155382
88	chr2	2q	100800000	105799999	8304	57025	65329	0.145620341955283	-0.00193908637857093
89	chr2	2q	95600000	100799999	8143	54904	63047	0.148313419787265	0.000753991453411318
90	chr3	3p	100000	5099999	7487	52200	59687	0.143429118773946	-0.00413030955990734
91	chr3	3p	5100000	10099999	8095	57256	65351	0.141382562526198	-0.00617686580765558
92	chr3	3p	10100000	15099999	8756	58312	67068	0.150157771985183	0.00259834365132944
93	chr3	3p	15100000	20099999	8085	55034	63119	0.14690918341389	-0.000650244919964127
94	chr3	3p	20100000	25099999	7750	54313	62063	0.14269143667262	-0.00486799166123389
95	chr3	3p	25100000	30099999	7630	53700	61330	0.142085661080074	-0.00547376725377924
96	chr3	3p	30100000	35099999	8326	55618	63944	0.149699737495056	0.00214030916120184
97	chr3	3p	35100000	40099999	8446	56756	65202	0.148812460356614	0.00125303202276056
98	chr3	3p	40100000	45099999	8632	57644	66276	0.149746721254597	0.00218729292074346
99	chr3	3p	45100000	50099999	8957	56397	65354	0.158820504636771	0.0112610763029178
100	chr3	3p	50100000	55099999	7831	52595	60426	0.14889248027379	0.00133305193993657
101	chr3	3p	55100000	60099999	8433	57156	65589	0.147543564980055	-1.58633537991337e-05
102	chr3	3p	60100000	65099999	7551	52721	60272	0.143225659604332	-0.00433376872952149
103	chr3	3p	65100000	70299999	8090	56946	65036	0.142064411898992	-0.00549501643486169
104	chr3	3p	70300000	75299999	8210	55246	63456	0.148608044021287	0.00104861568743289
105	chr3	3p	75300000	80499999	7405	50036	57441	0.147993444719802	0.000434016385948033
106	chr3	3p	80500000	85499999	6850	47910	54760	0.142976414109789	-0.00458301422406451
107	chr3	3p	85500000	90499999	6926	48028	54954	0.144207545598401	-0.00335188273545278
108	chr3	3q	192800000	197899999	9087	57326	66413	0.158514461152008	0.0109550328181541
109	chr3	3q	187800000	192799999	7795	54174	61969	0.143888212057445	-0.00367121627640918
110	chr3	3q	182800000	187799999	8704	55586	64290	0.156586190767459	0.00902676243360573
111	chr3	3q	177800000	182799999	7682	53661	61343	0.143157973202139	-0.00440145513171436
112	chr3	3q	172800000	177799999	7630	51317	58947	0.148683672077479	0.00112424374362549
113	chr3	3q	167800000	172799999	7990	54318	62308	0.147096726683604	-0.000462701650249753
114	chr3	3q	162800000	167799999	7044	48378	55422	0.145603373434206	-0.00195605489964809
115	chr3	3q	157800000	162799999	7615	51741	59356	0.147175354167875	-0.000384074165979104
116	chr3	3q	152800000	157799999	7865	53888	61753	0.145950861045131	-0.00160856728872308
117	chr3	3q	147800000	152799999	7905	51225	59130	0.154319180087848	0.00675975175399401
118	chr3	3q	142800000	147799999	7389	51808	59197	0.142622760963558	-0.00493666737029597
119	chr3	3q	137800000	142799999	8533	56916	65449	0.149922693091574	0.00236326475771984
120	chr3	3q	132800000	137799999	8335	57089	65424	0.146000105099056	-0.00155932323479785
121	chr3	3q	127800000	132799999	8551	55952	64503	0.152827423505862	0.00526799517200846
122	chr3	3q	122800000	127799999	8777	60835	69612	0.144275499301389	-0.00328392903246472
123	chr3	3q	117800000	122799999	8167	53801	61968	0.151800152413524	0.00424072407967019
124	chr3	3q	112800000	117799999	7726	53681	61407	0.143924293511671	-0.00363513482218292
125	chr3	3q	107800000	112799999	7746	53154	60900	0.145727508748166	-0.00183191958568801
126	chr3	3q	102800000	107799999	7485	50719	58204	0.147577830793194	1.84024593401499e-05
127	chr3	3q	97800000	102799999	7966	52606	60572	0.151427593810592	0.00386816547673824
128	chr4	4p	100000	5199999	8531	55850	64381	0.152748433303491	0.00518900496963778
129	chr4	4p	5200000	10599999	9145	65406	74551	0.139818976852277	-0.00774045148157718
130	chr4	4p	10600000	15599999	7785	54911	62696	0.141774872065706	-0.00578455626814739
131	chr4	4p	15600000	20599999	7650	53129	60779	0.143989158463363	-0.00357026987049094
132	chr4	4p	20600000	25599999	7786	55438	63224	0.140445182005123	-0.00711424632873087
133	chr4	4p	25600000	30599999	7522	51170	58692	0.147000195427008	-0.000559232906845702
134	chr4	4p	30600000	35799999	6730	46088	52818	0.146024995660476	-0.00153443267337811
135	chr4	4p	35800000	40899999	8416	54688	63104	0.15389116442364	0.00633173608978585
136	chr4	4p	40900000	45899999	7449	53123	60572	0.140221749524688	-0.00733767880916572
137	chr4	4q	185900000	190899999	8038	55283	63321	0.145397319248232	-0.00216210908562189
138	chr4	4q	180900000	185899999	7857	53585	61442	0.146626854530186	-0.000932573803668041
139	chr4	4q	175900000	180899999	7373	50429	57802	0.146205556326717	-0.00135387200713694
140	chr4	4q	170900000	175899999	7558	52078	59636	0.145128461154422	-0.0024309671794315
141	chr4	4q	165900000	170899999	7531	52296	59827	0.144007189842435	-0.00355223849141834
142	chr4	4q	160900000	165899999	6908	49334	56242	0.140025134795476	-0.00753429353837798
143	chr4	4q	155900000	160899999	7377	50768	58145	0.145308068074378	-0.00225136025947614
144	chr4	4q	150900000	155899999	8298	55775	64073	0.148776333482743	0.00121690514888945
145	chr4	4q	145900000	150899999	7667	54493	62160	0.14069697025306	-0.00686245808079369
146	chr4	4q	140900000	145899999	7759	53971	61730	0.143762390913639	-0.00379703742021492
147	chr4	4q	135900000	140899999	7370	50605	57975	0.145637782827784	-0.00192164550606991
148	chr4	4q	130900000	135899999	6876	46034	52910	0.14936785853934	0.00180843020548677
149	chr4	4q	125900000	130899999	7468	51722	59190	0.144387301341789	-0.00317212699206493
150	chr4	4q	120900000	125899999	7691	53846	61537	0.142833265237901	-0.00472616309595303
151	chr4	4q	115900000	120899999	7141	49492	56633	0.144285945203265	-0.00327348313058853
152	chr4	4q	110900000	115899999	7290	52690	59980	0.13835642436895	-0.00920300396490326
153	chr4	4q	105900000	110899999	7763	53535	61298	0.145007938731671	-0.00255148960218285
154	chr4	4q	100900000	105899999	7618	52159	59777	0.146053413600721	-0.00150601473313283
155	chr4	4q	95900000	100899999	7575	51687	59262	0.146555226652737	-0.00100420168111706
156	chr4	4q	90900000	95899999	7077	50340	57417	0.140584028605483	-0.006975399728371
157	chr4	4q	85900000	90899999	7889	53943	61832	0.146246964388336	-0.00131246394551787
158	chr4	4q	80900000	85899999	8022	54076	62098	0.148346771210888	0.000787342877034664
159	chr4	4q	75900000	80899999	8008	54905	62913	0.145851926054093	-0.00170750227976027
160	chr4	4q	70800000	75899999	7356	50661	58017	0.145200450050335	-0.00235897828351914
161	chr4	4q	65700000	70799999	6272	43932	50204	0.1427660930529	-0.00479333528095377
162	chr4	4q	60700000	65699999	6882	46958	53840	0.146556497295456	-0.00100293103839821
163	chr4	4q	55600000	60699999	7904	53700	61604	0.147188081936685	-0.000371346397168432
164	chr5	5p	100000	5099999	8365	58871	67236	0.142090333101187	-0.00546909523266637
165	chr5	5p	5100000	10099999	7985	56159	64144	0.142185580227568	-0.00537384810628555
166	chr5	5p	10100000	15099999	7787	54389	62176	0.143172332640791	-0.00438709569306237
167	chr5	5p	15100000	20199999	7578	52535	60113	0.14424669268107	-0.00331273565278395
168	chr5	5p	20200000	25299999	6952	48335	55287	0.143829523119892	-0.0037299052139613
169	chr5	5p	25300000	30299999	6676	45619	52295	0.146342532716631	-0.00121689561722249
170	chr5	5p	30300000	35399999	8069	55943	64012	0.14423609745634	-0.00332333087751421
171	chr5	5p	35400000	40399999	8070	54889	62959	0.147023993878555	-0.0005354344552988
172	chr5	5p	40400000	45399999	7628	51997	59625	0.146700771198338	-0.000858657135515362
173	chr5	5q	175500000	180699999	8795	56431	65226	0.155854051850933	0.00829462351707927
174	chr5	5q	170400000	175399999	8829	59352	68181	0.148756570966438	0.0011971426325838
175	chr5	5q	165400000	170399999	8316	58685	67001	0.141705716963449	-0.0058537113704048
176	chr5	5q	160400000	165399999	7050	50029	57079	0.140918267404905	-0.00664116092894856
177	chr5	5q	155400000	160399999	8170	57408	65578	0.142314659977703	-0.00524476835615026
178	chr5	5q	150300000	155399999	8316	56886	65202	0.146187111064234	-0.00137231726961998
179	chr5	5q	145300000	150299999	8335	57235	65570	0.14562767537346	-0.00193175296039341
180	chr5	5q	140300000	145299999	7696	51402	59098	0.149721800708144	0.00216237237428993
181	chr5	5q	135100000	140299999	8579	57312	65891	0.149689419318816	0.00212999098496258
182	chr5	5q	130100000	135099999	8612	57636	66248	0.149420501075717	0.00186107274186284
183	chr5	5q	125100000	130099999	7773	53412	61185	0.145529094585486	-0.00203033374836731
184	chr5	5q	120100000	125099999	7604	53943	61547	0.140963609736203	-0.00659581859765068
185	chr5	5q	115100000	120099999	7603	52842	60445	0.143881760720639	-0.00367766761321484
186	chr5	5q	110100000	115099999	7800	54709	62509	0.142572520060685	-0.004986908273169
187	chr5	5q	105100000	110099999	7494	51688	59182	0.144985296393747	-0.00257413194010661
188	chr5	5q	100100000	105099999	6620	46760	53380	0.141573994867408	-0.00598543346644567
189	chr5	5q	95100000	100099999	7398	50556	57954	0.146332779492048	-0.00122664884180529
190	chr5	5q	90000000	95099999	7311	51149	58460	0.14293534575456	-0.0046240825792935
191	chr5	5q	85000000	89999999	7401	51567	58968	0.143522019896445	-0.00403740843740832
192	chr5	5q	80000000	84999999	7514	52042	59556	0.144383382652473	-0.00317604568138072
193	chr5	5q	75000000	79999999	8390	55379	63769	0.151501471676989	0.00394204334313575
194	chr5	5q	68200000	74999999	7458	50439	57897	0.14786177362755	0.000302345293696382
195	chr5	5q	63200000	68199999	7932	54425	62357	0.145741846577859	-0.00181758175599428
196	chr5	5q	58200000	63199999	7811	54473	62284	0.143392139224937	-0.00416728910891659
197	chr5	5q	53200000	58199999	8216	55502	63718	0.148030701596339	0.000471273262485167
198	chr6	6p	200000	5199999	8984	59613	68597	0.150705383054032	0.00314595472017812
199	chr6	6p	5200000	10199999	8222	55750	63972	0.147479820627803	-7.96077060510325e-05
200	chr6	6p	10200000	15199999	8533	56648	65181	0.150631972885186	0.00307254455133199
201	chr6	6p	15200000	20199999	8402	55765	64167	0.150667981708957	0.00310855337510352
202	chr6	6p	20200000	25199999	8294	54848	63142	0.151217911318553	0.00365848298469937
203	chr6	6p	25200000	30299999	4907	32268	37175	0.152070162389984	0.00451073405613017
204	chr6	6p	30300000	35299999	3581	23122	26703	0.154874145835135	0.00731471750128165
205	chr6	6p	35300000	40299999	8992	58862	67854	0.152764092283646	0.00520466394979277
206	chr6	6p	40300000	45299999	9080	58741	67821	0.154576871350505	0.00701744301665105
207	chr6	6p	45300000	50299999	7865	55187	63052	0.142515447478573	-0.00504398085528085
208	chr6	6p	50300000	55299999	7897	54078	61975	0.146029808794704	-0.00152961953914976
209	chr6	6q	165600000	170999999	8430	59138	67568	0.142547938719605	-0.00501148961424872
210	chr6	6q	160600000	165599999	7955	54934	62889	0.144810135799323	-0.00274929253453088
211	chr6	6q	155400000	160599999	8308	56392	64700	0.147325861824372	-0.000233566509481475
212	chr6	6q	150400000	155399999	8003	55844	63847	0.143309934818423	-0.00424949351543097
213	chr6	6q	145400000	150399999	7926	55187	63113	0.14362078025622	-0.00393864807763394
214	chr6	6q	140400000	145399999	7719	52473	60192	0.147104225030015	-0.000455203303838275
215	chr6	6q	135400000	140399999	8271	54879	63150	0.150713387634614	0.00315395930076062
216	chr6	6q	130400000	135399999	8000	55019	63019	0.145404314873044	-0.00215511346080985
217	chr6	6q	125400000	130399999	7478	53306	60784	0.140284395752823	-0.00727503258103041
218	chr6	6q	120400000	125399999	7427	51852	59279	0.143234590758312	-0.00432483757554158
219	chr6	6q	115400000	120399999	7638	53055	60693	0.143963811139384	-0.00359561719447005
220	chr6	6q	110400000	115399999	7376	50378	57754	0.146413116836714	-0.00114631149713929
221	chr6	6q	105400000	110399999	7644	51110	58754	0.149559773038544	0.0020003447046906
222	chr6	6q	100400000	105399999	7044	50057	57101	0.140719579679166	-0.00683984865468795
223	chr6	6q	95100000	100399999	7661	53855	61516	0.142252344257729	-0.00530708407612462
224	chr6	6q	90100000	95099999	7382	51133	58515	0.144368607357284	-0.00319082097656978
225	chr6	6q	85100000	90099999	7847	53326	61173	0.147151483328958	-0.000407945004895993
226	chr6	6q	80100000	85099999	7465	52281	59746	0.142786098200111	-0.00477333013374279
227	chr6	6q	75100000	80099999	7362	50995	58357	0.144367094813217	-0.00319233352063672
228	chr6	6q	70100000	75099999	7725	53692	61417	0.143876182671534	-0.00368324566231978
229	chr6	6q	65100000	70099999	6793	47017	53810	0.144479656294532	-0.00307977203932194
230	chr7	7p	100000	5199999	9072	60367	69439	0.150280782546756	0.00272135421290196
231	chr7	7p	5200000	10199999	7690	50896	58586	0.151092423766111	0.00353299543225757
232	chr7	7p	10200000	15199999	7243	50937	58180	0.142195260812376	-0.00536416752147764
233	chr7	7p	15200000	20199999	7563	51426	58989	0.147065686617664	-0.000493741716189489
234	chr7	7p	20200000	25199999	8235	55957	64192	0.147166574333864	-0.0003928539999902
235	chr7	7p	25200000	30199999	8400	58374	66774	0.143899681364991	-0.00365974696886245
236	chr7	7p	30200000	35199999	8298	56476	64774	0.146929669240031	-0.000629759093822541
237	chr7	7p	35200000	40199999	8379	55152	63531	0.151925587467363	0.00436615913350921
238	chr7	7p	40200000	45199999	8439	56763	65202	0.148670789070345	0.0011113607364914
239	chr7	7p	45200000	50199999	7946	56493	64439	0.140654594374524	-0.00690483395932945
240	chr7	7p	50200000	55399999	7836	54583	62419	0.14356118205302	-0.00399824628083353
241	chr7	7q	153900000	159099999	9020	59654	68674	0.151205283803266	0.00364585546941179
242	chr7	7q	148900000	153899999	8578	56413	64991	0.152057149947707	0.00449772161385337
243	chr7	7q	143800000	148899999	7551	52225	59776	0.144585926280517	-0.00297350205333671
244	chr7	7q	138200000	143799999	6750	43816	50566	0.154053313857951	0.00649388552409771
245	chr7	7q	133200000	138199999	8193	54875	63068	0.149302961275626	0.00174353294177271
246	chr7	7q	128000000	133199999	7691	51879	59570	0.148248809730334	0.000689381396480337
247	chr7	7q	123000000	127999999	7678	52115	59793	0.147328024561067	-0.000231403772786853
248	chr7	7q	118000000	122999999	7137	50941	58078	0.140103256708741	-0.00745617162511222
249	chr7	7q	113000000	117999999	7420	52910	60330	0.14023814023814	-0.00732128809571347
250	chr7	7q	108000000	112999999	7333	51668	59001	0.14192536966788	-0.00563405866597419
251	chr7	7q	103000000	107999999	8056	55006	63062	0.146456750172708	-0.00110267816114529
252	chr7	7q	97700000	102999999	7900	48793	56693	0.161908470477323	0.0143490421434689
253	chr7	7q	92700000	97699999	7672	54135	61807	0.14171977463748	-0.00583965369637335
254	chr7	7q	87700000	92699999	7705	51806	59511	0.148727946569895	0.00116851823604167
255	chr7	7q	82700000	87699999	7306	50222	57528	0.14547409501812	-0.00208533331573416
256	chr7	7q	77700000	82699999	7126	52227	59353	0.136442836080954	-0.0111165922528994
257	chr7	7q	71500000	77699999	3530	22464	25994	0.157140313390313	0.00958088505645968
258	chr7	7q	66500000	71499999	8367	58665	67032	0.142623369982102	-0.00493605835175195
259	chr8	8p	100000	5099999	7010	49277	56287	0.142257036751426	-0.0053023915824281
260	chr8	8p	5100000	11099999	8700	60783	69483	0.143132125758847	-0.00442730257500668
261	chr8	8p	11100000	16599999	8193	56950	65143	0.143863037752414	-0.00369639058143931
262	chr8	8p	16600000	21599999	8380	58200	66580	0.143986254295533	-0.00357317403832108
263	chr8	8p	21600000	26599999	8462	57510	65972	0.147139627890802	-0.000419800443052121
264	chr8	8p	26600000	31599999	8599	57260	65859	0.150174641983933	0.00261521365007922
265	chr8	8p	31600000	36599999	7640	53350	60990	0.143205248359888	-0.00435417997396617
266	chr8	8p	36600000	41599999	8294	57591	65885	0.144015557986491	-0.00354387034736278
267	chr8	8q	140900000	146299999	8138	53142	61280	0.153136878551805	0.00557745021795089
268	chr8	8q	135900000	140899999	8116	57882	65998	0.140216302131924	-0.00734312620193014
269	chr8	8q	130900000	135899999	8332	57238	65570	0.145567629896223	-0.00199179843763092
270	chr8	8q	125900000	130899999	8413	57064	65477	0.14743095471751	-0.00012847361634355
271	chr8	8q	120900000	125899999	8259	56194	64453	0.146972986439833	-0.000586441894020268
272	chr8	8q	115900000	120899999	7798	55073	62871	0.141593884480598	-0.00596554385325523
273	chr8	8q	110900000	115899999	6977	48698	55675	0.143270770873547	-0.00428865746030654
274	chr8	8q	105900000	110899999	7575	54071	61646	0.140093580662462	-0.00746584767139138
275	chr8	8q	100900000	105899999	8237	56611	64848	0.145501757608945	-0.00205767072490845
276	chr8	8q	95900000	100899999	8024	55318	63342	0.145052243392747	-0.00250718494110633
277	chr8	8q	90900000	95899999	7598	54158	61756	0.140293216145352	-0.00726621218850124
278	chr8	8q	85600000	90899999	7522	52149	59671	0.144240541525245	-0.00331888680860876
279	chr8	8q	80600000	85599999	7526	52246	59772	0.144049305209968	-0.00351012312388549
280	chr8	8q	75600000	80599999	7050	50384	57434	0.139925373134328	-0.00763405519952537
281	chr8	8q	70600000	75599999	7861	54989	62850	0.142955863900053	-0.00460356443380097
282	chr8	8q	65600000	70599999	7778	54104	61882	0.143760165606979	-0.00379926272687456
283	chr8	8q	60600000	65599999	7713	54466	62179	0.141611280431829	-0.00594814790202469
284	chr8	8q	55600000	60599999	8123	55213	63336	0.147121149004763	-0.000438279329090352
285	chr8	8q	50600000	55599999	7554	53258	60812	0.141837845957415	-0.00572158237643886
286	chr9	9p	200000	5199999	7999	55805	63804	0.14333841053669	-0.00422101779716347
287	chr9	9p	5200000	10199999	7601	51949	59550	0.14631657972242	-0.00124284861143364
288	chr9	9p	10200000	15199999	7560	51754	59314	0.146075665649032	-0.00148376268482175
289	chr9	9p	15200000	20199999	8089	55871	63960	0.144779939503499	-0.00277948883035459
290	chr9	9p	20200000	25199999	7722	51457	59179	0.150067046271644	0.00250761793779056
291	chr9	9p	25200000	30199999	7581	50981	58562	0.148702457778388	0.00114302944453432
292	chr9	9p	30200000	35199999	7885	53006	60891	0.148756744519488	0.00119731618563465
293	chr9	9q	135800000	141099999	8513	55826	64339	0.152491670547773	0.00493224221391972
294	chr9	9q	130500000	135799999	9275	58285	67560	0.159131852106031	0.011572423772177
295	chr9	9q	125500000	130499999	8850	58157	67007	0.152174286844232	0.00461485851037827
296	chr9	9q	120500000	125499999	8242	56700	64942	0.145361552028219	-0.00219787630563503
297	chr9	9q	115500000	120499999	8605	59072	67677	0.145669691224269	-0.00188973710958504
298	chr9	9q	110500000	115499999	8464	57384	65848	0.147497560295553	-6.18680383009385e-05
299	chr9	9q	105500000	110499999	7984	55425	63409	0.14405051871899	-0.00350890961486408
300	chr9	9q	100500000	105499999	8192	56494	64686	0.145006549368074	-0.00255287896577924
301	chr9	9q	95500000	100499999	8471	56853	65324	0.148998293845531	0.00143886551167774
302	chr9	9q	90100000	95499999	8539	58087	66626	0.147003632482311	-0.000555795851542695
303	chr9	9q	85100000	90099999	8109	56883	64992	0.142555772374875	-0.00500365595897898
304	chr9	9q	80100000	85099999	7873	54551	62424	0.144323660427856	-0.00323576790599722
305	chr9	9q	75100000	80099999	7893	54409	62302	0.145067911558749	-0.00249151677510423
306	chr10	10p	100000	5099999	7925	55149	63074	0.143701608370052	-0.00385781996380166
307	chr10	10p	5100000	10099999	7660	52312	59972	0.14642911760208	-0.00113031073177389
308	chr10	10p	10100000	15099999	8633	57501	66134	0.150136519364881	0.00257709103102691
309	chr10	10p	15100000	20499999	7498	52787	60285	0.142042548354709	-0.00551687997914516
310	chr10	10p	20500000	25499999	8086	56461	64547	0.14321389986008	-0.00434552847377331
311	chr10	10p	25500000	30499999	8211	54061	62272	0.151883982908196	0.00432455457434258
312	chr10	10p	30500000	35499999	8401	55892	64293	0.150307736348672	0.00274830801481873
313	chr10	10q	130100000	135499999	8977	62884	71861	0.142754913809554	-0.00480451452429961
314	chr10	10q	124700000	130099999	9351	63527	72878	0.147197254710595	-0.000362173623258216
315	chr10	10q	119700000	124699999	8413	59241	67654	0.142013132796543	-0.00554629553731079
316	chr10	10q	114700000	119699999	6578	45143	51721	0.145714728750858	-0.00184469958299532
317	chr10	10q	109700000	114699999	8164	55745	63909	0.146452596645439	-0.00110683168841466
318	chr10	10q	104700000	109699999	8174	55656	63830	0.146866465430502	-0.000692962903352051
319	chr10	10q	99700000	104699999	8935	57399	66334	0.155664732835067	0.00810530450121311
320	chr10	10q	94700000	99699999	8269	55409	63678	0.149235683733689	0.00167625539983576
321	chr10	10q	89700000	94699999	8146	54362	62508	0.149847319818991	0.0022878914851375
322	chr10	10q	84500000	89699999	8036	56748	64784	0.141608514837527	-0.0059509134963264
323	chr10	10q	79400000	84499999	8396	58293	66689	0.144031015730877	-0.00352841260297693
324	chr10	10q	74400000	79399999	8783	56304	65087	0.155992469451549	0.00843304111769502
325	chr10	10q	69400000	74399999	9204	59348	68552	0.155085259823414	0.00752583148956071
326	chr10	10q	64400000	69399999	7207	50568	57775	0.142520961873121	-0.00503846646073236
327	chr10	10q	59400000	64399999	7907	54708	62615	0.144530964392776	-0.00302846394107753
328	chr10	10q	54400000	59399999	6966	48959	55925	0.142282317857799	-0.00527711047605434
329	chr10	10q	47600000	54399999	6577	46434	53011	0.141641900331654	-0.00591752800220019
330	chr11	11p	100000	5299999	8983	56515	65498	0.158948951605768	0.0113895232719147
331	chr11	11p	5300000	10299999	8407	57433	65840	0.146379259310849	-0.00118016902300455
332	chr11	11p	10300000	15299999	7575	50798	58373	0.149120044096224	0.00156061576237054
333	chr11	11p	15300000	20299999	8439	58945	67384	0.143167359402833	-0.00439206893102057
334	chr11	11p	20300000	25299999	7541	52606	60147	0.143348667452382	-0.00421076088147185
335	chr11	11p	25300000	30299999	7422	51356	58778	0.144520601292936	-0.00303882704091812
336	chr11	11p	30300000	35299999	8191	56476	64667	0.145035059140166	-0.00252436919368798
337	chr11	11p	35300000	40299999	7776	53445	61221	0.145495369071008	-0.00206405926284614
338	chr11	11p	40300000	45299999	8145	54589	62734	0.149205883969298	0.00164645563544413
339	chr11	11p	45300000	50399999	7642	47939	55581	0.159410918041678	0.0118514897078243
340	chr11	11q	129900000	134899999	8429	61346	69775	0.137400971538487	-0.0101584567953671
341	chr11	11q	124900000	129899999	8693	59252	67945	0.14671234726254	-0.000847081071314065
342	chr11	11q	119900000	124899999	8554	59204	67758	0.144483480845889	-0.00307594748796491
343	chr11	11q	114900000	119899999	8095	55516	63611	0.145813819439441	-0.00174560889441283
344	chr11	11q	109900000	114899999	6888	48183	55071	0.142954984123031	-0.00460444421082276
345	chr11	11q	104900000	109899999	7765	53769	61534	0.144414067585412	-0.00314536074844204
346	chr11	11q	99900000	104899999	7394	52004	59398	0.142181370663795	-0.00537805767005861
347	chr11	11q	94600000	99899999	7230	49124	56354	0.147178568520479	-0.000380859813374934
348	chr11	11q	89300000	94599999	7814	53936	61750	0.144875407890834	-0.00268402044302013
349	chr11	11q	84100000	89299999	7851	54834	62685	0.143177590546012	-0.00438183778784212
350	chr11	11q	79100000	84099999	7471	53545	61016	0.139527500233449	-0.00803192810040521
351	chr11	11q	74100000	79099999	8491	54961	63452	0.154491366605411	0.00693193827155739
352	chr11	11q	68800000	74099999	7726	47993	55719	0.160981809847269	0.0134223815134157
353	chr11	11q	63800000	68799999	9226	54487	63713	0.169324793069907	0.0217653647360529
354	chr11	11q	58800000	63799999	8779	56540	65319	0.1552706048815	0.00771117654764611
355	chr12	12p	200000	5199999	8813	58368	67181	0.150990268640351	0.00343084030649715
356	chr12	12p	5200000	10499999	8313	54234	62547	0.153280230113951	0.00572080178009696
357	chr12	12p	10500000	15499999	7759	51554	59313	0.150502385847849	0.00294295751399515
358	chr12	12p	15500000	20499999	7630	52915	60545	0.144193517906076	-0.00336591042777792
359	chr12	12p	20500000	25499999	7548	52063	59611	0.144978199489081	-0.00258122884477319
360	chr12	12p	25500000	30499999	7888	53298	61186	0.147998048707269	0.000438620373414855
361	chr12	12q	128500000	133799999	8449	57288	65737	0.147482893450635	-7.6534883218321e-05
362	chr12	12q	123500000	128499999	8559	56425	64984	0.151688081524147	0.00412865319029337
363	chr12	12q	118400000	123499999	8463	52957	61420	0.159808901561644	0.0122494732277906
364	chr12	12q	113400000	118399999	9125	61463	70588	0.148463303125458	0.000903874791603865
365	chr12	12q	108200000	113399999	9243	59919	69162	0.154258248635658	0.00669882030180444
366	chr12	12q	103200000	108199999	8296	57088	65384	0.145319506726457	-0.00223992160739631
367	chr12	12q	98200000	103199999	7582	53754	61336	0.141049968374447	-0.00650945995940716
368	chr12	12q	93200000	98199999	8377	55246	63623	0.151630887304058	0.0040714589702045
369	chr12	12q	88200000	93199999	7443	52772	60215	0.14104070340332	-0.00651872493053376
370	chr12	12q	83200000	88199999	6774	48896	55670	0.138538939790576	-0.0090204885432778
371	chr12	12q	78200000	83199999	7208	51094	58302	0.141073315849219	-0.00648611248463463
372	chr12	12q	73200000	78199999	7457	51148	58605	0.145792601861265	-0.00176682647258836
373	chr12	12q	68200000	73199999	7801	53256	61057	0.146481147664113	-0.00107828066974075
374	chr12	12q	63200000	68199999	8124	55589	63713	0.146144021299178	-0.00141540703467583
375	chr12	12q	58200000	63199999	7123	49146	56269	0.144935498311155	-0.0026239300226992
376	chr12	12q	53200000	58199999	8624	54705	63329	0.157645553422905	0.010086125089051
377	chr12	12q	48200000	53199999	8986	57365	66351	0.156646038525233	0.00908661019137944
378	chr12	12q	43200000	48199999	7948	53711	61659	0.147977136899332	0.000417708565477903
379	chr12	12q	38200000	43199999	7152	50615	57767	0.141301985577398	-0.00625744275645571
380	chr13	13q	109400000	115099999	9315	62157	71472	0.149862445098702	0.00230301676484795
381	chr13	13q	104400000	109399999	7520	52565	60085	0.143060972129744	-0.0044984562041096
382	chr13	13q	99400000	104399999	8094	55045	63139	0.14704332818603	-0.000516100147824106
383	chr13	13q	94400000	99399999	7991	55912	63903	0.14292101874374	-0.00463840959011355
384	chr13	13q	89400000	94399999	7206	49923	57129	0.144342287122168	-0.00321714121168556
385	chr13	13q	84100000	89399999	7076	49205	56281	0.143806523727263	-0.00375290460659022
386	chr13	13q	79100000	84099999	7250	50172	57422	0.144502909989636	-0.00305651834421805
387	chr13	13q	74100000	79099999	7766	53631	61397	0.144804310939569	-0.00275511739428519
388	chr13	13q	69100000	74099999	7179	49933	57112	0.14377265535818	-0.00378677297567376
389	chr13	13q	64100000	69099999	6903	47620	54523	0.144960100797984	-0.00259932753586967
390	chr13	13q	59100000	64099999	7337	50109	57446	0.146420802650223	-0.00113862568363121
391	chr13	13q	54100000	59099999	6724	46352	53076	0.145063859164653	-0.00249556916920063
392	chr13	13q	49100000	54099999	8120	53568	61688	0.151583034647551	0.00402360631369705
393	chr13	13q	44100000	49099999	8425	55324	63749	0.152284722724315	0.00472529439046124
394	chr13	13q	39100000	44099999	8081	55001	63082	0.146924601370884	-0.000634826962969542
395	chr13	13q	34100000	39099999	7743	53158	60901	0.145660107603747	-0.0018993207301064
396	chr13	13q	29100000	34099999	8430	56543	64973	0.149090073041756	0.00153064470790212
397	chr13	13q	24100000	29099999	8527	58133	66660	0.146680886931691	-0.000878541402162591
398	chr14	14q	102200000	107199999	6735	43310	50045	0.155506811359963	0.00794738302610934
399	chr14	14q	97200000	102199999	8611	60467	69078	0.142408255742802	-0.00515117259105186
400	chr14	14q	92200000	97199999	8796	60569	69365	0.14522280374449	-0.00233662458936396
401	chr14	14q	87200000	92199999	8344	55756	64100	0.149652055384174	0.00209262705032018
402	chr14	14q	82200000	87199999	7329	50685	58014	0.144598993785144	-0.00296043454871017
403	chr14	14q	77200000	82199999	8177	56594	64771	0.144485281125208	-0.0030741472086461
404	chr14	14q	72200000	77199999	8946	57785	66731	0.154815263476681	0.00725583514282707
405	chr14	14q	67200000	72199999	8575	56125	64700	0.152783964365256	0.00522453603140241
406	chr14	14q	62200000	67199999	8304	56073	64377	0.148092664918945	0.000533236585091218
407	chr14	14q	57200000	62199999	8238	55675	63913	0.14796587337225	0.000406445038395958
408	chr14	14q	52200000	57199999	8142	56168	64310	0.144957983193277	-0.00260144514057639
409	chr14	14q	47200000	52199999	7795	52477	60272	0.148541265697353	0.00098183736349941
410	chr14	14q	42200000	47199999	7129	49598	56727	0.143735634501391	-0.00382379383246254
411	chr14	14q	37200000	42199999	7481	50652	58133	0.14769406933586	0.000134641002006664
412	chr14	14q	32200000	37199999	8178	55539	63717	0.147247879868201	-0.000311548465652983
413	chr14	14q	27200000	32199999	7285	51540	58825	0.141346526969344	-0.00621290136450953
414	chr14	14q	22200000	27199999	8196	54886	63082	0.149327697409175	0.00176826907532165
415	chr15	15q	97400000	102399999	7879	54257	62136	0.145216285456254	-0.00234314287759924
416	chr15	15q	92400000	97399999	8261	57539	65800	0.14357218582179	-0.00398724251206328
417	chr15	15q	87400000	92399999	8695	57772	66467	0.1505054351589	0.00294600682504678
418	chr15	15q	81600000	87399999	8441	57282	65723	0.147358681610279	-0.000200746723574757
419	chr15	15q	76600000	81599999	8993	60181	69174	0.149432545155448	0.00187311682159402
420	chr15	15q	71600000	76599999	8751	58515	67266	0.149551397077672	0.00199196874381868
421	chr15	15q	66600000	71599999	9240	59830	69070	0.154437573123851	0.00687814478999721
422	chr15	15q	61600000	66599999	8159	52133	60292	0.156503558206894	0.00894412987304019
423	chr15	15q	56600000	61599999	8453	57916	66369	0.145952759168451	-0.00160666916540286
424	chr15	15q	51600000	56599999	8134	55540	63674	0.146453006841916	-0.00110642149193799
425	chr15	15q	46600000	51599999	8013	54014	62027	0.148350427666901	0.000790999333047465
426	chr15	15q	41600000	46599999	8444	54961	63405	0.153636214770474	0.00607678643661988
427	chr15	15q	36600000	41599999	8444	56128	64572	0.150441847206385	0.00288241887253168
428	chr15	15q	31200000	36599999	8330	56679	65009	0.146968012844263	-0.000591415489590408
429	chr15	15q	25100000	31199999	8665	59935	68600	0.144573287728372	-0.0029861406054813
430	chr16	16p	100000	5099999	9040	54221	63261	0.166725069622471	0.0191656412886173
431	chr16	16p	5100000	10199999	8508	59374	67882	0.143295044969178	-0.0042643833646753
432	chr16	16p	10200000	15599999	9178	59978	69156	0.153022775017506	0.0054633466836527
433	chr16	16p	15600000	21599999	9242	62430	71672	0.148037802338619	0.000478374004765525
434	chr16	16p	21600000	26799999	8751	59800	68551	0.14633779264214	-0.00122163569171324
435	chr16	16p	26800000	32599999	9228	57410	66638	0.160738547291413	0.0131791189575589
436	chr16	16q	85000000	90199999	9525	61140	70665	0.155789990186457	0.0082305618526036
437	chr16	16q	80000000	84999999	8853	58984	67837	0.150091550250916	0.00253212191706179
438	chr16	16q	75000000	79999999	8317	58317	66634	0.142617075638322	-0.00494235269553212
439	chr16	16q	69700000	74999999	8671	57952	66623	0.14962382661513	0.00206439828127605
440	chr16	16q	64700000	69699999	8456	55526	63982	0.152289017757447	0.00472958942359325
441	chr16	16q	59700000	64699999	7306	50368	57674	0.145052414231258	-0.00250701410259577
442	chr16	16q	54700000	59699999	8322	55606	63928	0.149660108621372	0.00210068028751809
443	chr16	16q	49700000	54699999	8545	58956	67501	0.144938598276681	-0.00262083005717281
444	chr17	17p	1	5199999	8911	52737	61648	0.168970551984375	0.0214111236505216
445	chr17	17p	5200000	10199999	9062	58920	67982	0.153801765105227	0.0062423367713737
446	chr17	17p	10200000	15199999	8229	57543	65772	0.143006099786247	-0.0045533285476069
447	chr17	17p	15200000	20699999	8813	57393	66206	0.153555311623369	0.00599588328951497
448	chr17	17q	76000000	81195210	8764	53268	62032	0.164526545017647	0.0169671166837929
449	chr17	17q	71000000	75999999	9452	58187	67639	0.162441782528744	0.0148823541948898
450	chr17	17q	66000000	70999999	7313	50348	57661	0.14524906649718	-0.00231036183667407
451	chr17	17q	60900000	65999999	8136	53145	61281	0.153090601185436	0.00553117285158236
452	chr17	17q	55900000	60899999	8543	54228	62771	0.157538540975142	0.00997911264128828
453	chr17	17q	50900000	55899999	8371	56257	64628	0.148799260536467	0.00123983220261287
454	chr17	17q	45900000	50899999	8831	58288	67119	0.151506313477903	0.00394688514404912
455	chr17	17q	40600000	45899999	7916	48584	56500	0.162934299357813	0.0153748710239596
456	chr17	17q	35600000	40599999	6739	42410	49149	0.158901202546569	0.0113417742127155
457	chr17	17q	30300000	35599999	8275	55601	63876	0.14882825848456	0.00126883015070592
458	chr17	17q	25300000	30299999	8381	52745	61126	0.15889657787468	0.0113371495408263
459	chr18	18p	100000	5099999	8049	53504	61553	0.150437350478469	0.00287792214461519
460	chr18	18p	5100000	10099999	8310	57297	65607	0.145033771401644	-0.00252565693220966
461	chr18	18q	72900000	77999999	7873	54226	62099	0.145188654888799	-0.00237077344505499
462	chr18	18q	67700000	72899999	7597	53521	61118	0.141944283552251	-0.00561514478160319
463	chr18	18q	62700000	67699999	6640	47266	53906	0.140481530063894	-0.00707789826996
464	chr18	18q	57700000	62699999	7745	54099	61844	0.143163459583356	-0.00439596875049728
465	chr18	18q	52700000	57699999	8287	58285	66572	0.142180663978725	-0.00537876435512849
466	chr18	18q	47400000	52699999	7237	51679	58916	0.140037539426072	-0.00752188890778122
467	chr18	18q	42400000	47399999	8932	59969	68901	0.148943620870783	0.00138419253692953
468	chr18	18q	37400000	42399999	7467	53145	60612	0.140502399096811	-0.0070570292370431
469	chr18	18q	32400000	37399999	8205	56135	64340	0.146165493898637	-0.00139393443521649
470	chr18	18q	27400000	32399999	7532	52413	59945	0.143704806059565	-0.00385462227428834
471	chr18	18q	22400000	27399999	7886	54136	62022	0.145670164031329	-0.0018892643025252
472	chr19	19p	200000	5199999	9222	52218	61440	0.176605768125934	0.0290463397920799
473	chr19	19p	5200000	10499999	9364	54215	63579	0.172719727012819	0.0251602986789656
474	chr19	19p	10500000	15499999	9098	52981	62079	0.171721938053264	0.0241625097194107
475	chr19	19p	15500000	20499999	8783	50481	59264	0.173986252253323	0.0264268239194693
476	chr19	19q	54100000	59099999	6934	41594	48528	0.166706736548541	0.0191473082146869
477	chr19	19q	49100000	54099999	8993	53650	62643	0.16762348555452	0.0200640572206663
478	chr19	19q	44100000	49099999	9035	54124	63159	0.166931490651097	0.0193720623172438
479	chr19	19q	39100000	44099999	7760	49115	56875	0.15799653873562	0.0104371104017668
480	chr19	19q	34100000	39099999	8857	52678	61535	0.168134705190022	0.0205752768561687
481	chr19	19q	29100000	34099999	8836	61492	70328	0.143693488583881	-0.00386593974997287
482	chr20	20p	100000	5099999	9141	56723	65864	0.161151561095147	0.0135921327612929
483	chr20	20p	5100000	10099999	8103	55776	63879	0.145277538726334	-0.00228188960751982
484	chr20	20p	10100000	15099999	7919	55941	63860	0.141559857707227	-0.00599957062662645
485	chr20	20p	15100000	20099999	8205	56317	64522	0.145693129960758	-0.00186629837309585
486	chr20	20p	20100000	25099999	8521	60498	69019	0.140847631326655	-0.00671179700719829
487	chr20	20q	57600000	62899999	9149	62163	71312	0.147177581519553	-0.000381846814300285
488	chr20	20q	52600000	57599999	8168	57016	65184	0.143258032832889	-0.0043013955009647
489	chr20	20q	47600000	52599999	8897	58194	67091	0.152885177166031	0.00532574883217715
490	chr20	20q	42600000	47599999	9255	60526	69781	0.152909493440835	0.00535006510698163
491	chr20	20q	37600000	42599999	8474	60136	68610	0.140913928428894	-0.00664549990495922
492	chr20	20q	32400000	37599999	9346	58990	68336	0.158433632819122	0.0108742044852682
493	chr21	21q	42800000	48099999	9032	58198	67230	0.15519433657514	0.00763490824128632
494	chr21	21q	37800000	42799999	8608	59320	67928	0.145111260957519	-0.00244816737633516
495	chr21	21q	32800000	37799999	8455	55452	63907	0.152474211931039	0.00491478359718575
496	chr21	21q	27800000	32799999	7746	53807	61553	0.143958964447005	-0.00360046388684868
497	chr21	21q	22800000	27799999	6983	47793	54776	0.146109262862762	-0.00145016547109139
498	chr21	21q	17800000	22799999	7324	49883	57207	0.146823567147124	-0.000735861186729442
499	chr22	22q	46000000	51199999	9581	64332	73913	0.148930547783374	0.00137111944952004
500	chr22	22q	41000000	45999999	9093	58242	67335	0.156124446275883	0.00856501794202966
501	chr22	22q	36000000	40999999	9150	56030	65180	0.163305372122077	0.0157459437882237
502	chr22	22q	31000000	35999999	8960	60547	69507	0.147984210613243	0.000424782279388886
503	chr22	22q	26000000	30999999	8908	60210	69118	0.147948845706693	0.000389417372839512
504	chr22	22q	20700000	25999999	8887	57494	66381	0.154572651059241	0.00701322272538724
